Temps;temps_ms;Temps_acquisition;Ancre;X;Y;Z;Precision %;Temps_s;Position erreur
00:00:00.00;0;0;49A2;1.40;19.16;-0.28;46;0.0;19.21108013621306
00:00:01.00;1000;1000;49A2;1.41;19.04;-0.55;67;1.0;19.092137125005152
00:00:01.300;1300;300;49A2;1.36;18.95;-0.35;61;1.3;18.998739431867577
00:00:01.500;1500;200;49A2;1.36;18.84;-0.43;61;1.5;18.889023267495862
00:00:01.700;1700;200;49A2;nan;nan;nan;0;1.7;nan
00:00:01.800;1800;100;49A2;nan;nan;nan;0;1.8;nan
00:00:01.900;1900;100;49A2;nan;nan;nan;0;1.9;nan
00:00:02.00;2000;100;49A2;1.32;18.62;-0.20;85;2.0;18.666729761798127
00:00:02.100;2100;100;49A2;nan;nan;nan;0;2.1;nan
00:00:02.210;2210;110;49A2;nan;nan;nan;0;2.21;nan
00:00:02.310;2310;100;49A2;nan;nan;nan;0;2.31;nan
00:00:02.410;2410;100;49A2;nan;nan;nan;0;2.41;nan
00:00:02.510;2510;100;49A2;nan;nan;nan;0;2.51;nan
00:00:02.610;2610;100;49A2;nan;nan;nan;0;2.61;nan
00:00:02.710;2710;100;49A2;nan;nan;nan;0;2.71;nan
00:00:02.810;2810;100;49A2;nan;nan;nan;0;2.81;nan
00:00:02.910;2910;100;49A2;1.28;18.26;0.03;93;2.91;18.30480811153179
00:00:03.10;3010;100;49A2;1.27;17.97;-0.19;92;3.01;18.014821675498204
00:00:03.110;3110;100;49A2;1.26;17.72;-0.32;94;3.11;17.764740358361557
00:00:03.210;3210;100;49A2;1.24;17.52;-0.48;85;3.21;17.563826462362922
00:00:03.310;3310;100;49A2;1.23;17.35;-0.49;89;3.31;17.393544779601427
00:00:03.410;3410;100;49A2;1.20;17.15;-0.48;91;3.41;17.191931246954194
00:00:03.510;3510;100;49A2;1.20;16.99;-0.45;91;3.51;17.032325149550193
00:00:03.610;3610;100;49A2;1.18;16.85;-0.61;87;3.61;16.8912669743865
00:00:03.710;3710;100;49A2;1.19;16.72;-0.51;92;3.71;16.762293995751296
00:00:03.810;3810;100;49A2;1.18;16.60;-0.54;91;3.81;16.641886912246463
00:00:03.910;3910;100;49A2;1.20;16.46;-0.50;91;3.91;16.50368443711888
00:00:04.10;4010;100;49A2;1.21;16.31;-0.56;90;4.01;16.35482191893265
00:00:04.110;4110;100;49A2;1.21;16.20;-0.71;88;4.11;16.245125422722964
00:00:04.210;4210;100;49A2;1.20;16.06;-0.67;93;4.21;16.104769479877692
00:00:04.310;4310;100;49A2;1.18;15.95;-0.70;92;4.31;15.993589340732742
00:00:04.410;4410;100;49A2;1.15;15.83;-0.82;90;4.41;15.871716983363834
00:00:04.510;4510;100;49A2;1.15;15.71;-0.86;91;4.51;15.752034789194697
00:00:04.610;4610;100;49A2;1.18;15.58;-0.70;94;4.61;15.624621595417919
00:00:04.710;4710;100;49A2;1.16;15.46;-0.63;94;4.71;15.50345767885345
00:00:04.810;4810;100;49A2;1.17;15.34;-0.50;95;4.81;15.384553942184999
00:00:04.910;4910;100;49A2;1.16;15.22;-0.51;94;4.91;15.264140984673851
00:00:05.10;5010;100;49A2;1.15;15.10;-0.65;96;5.01;15.143728074684912
00:00:05.110;5110;100;49A2;1.16;14.97;-0.75;92;5.11;15.01487595686358
00:00:05.210;5210;100;49A2;1.19;14.82;-0.65;99;5.21;14.867699889357466
00:00:05.310;5310;100;49A2;nan;nan;nan;0;5.31;nan
00:00:05.410;5410;100;49A2;1.15;14.65;-0.30;98;5.41;14.695067199574147
00:00:05.510;5510;100;49A2;1.19;14.51;-0.18;95;5.51;14.558715602689682
00:00:05.610;5610;100;49A2;1.19;14.33;-0.34;98;5.61;14.379325436194843
00:00:05.710;5710;100;49A2;nan;nan;nan;0;5.71;nan
00:00:05.810;5810;100;49A2;1.20;14.18;-0.07;94;5.81;14.230685155676799
00:00:05.910;5910;100;49A2;1.19;14.04;-0.24;95;5.91;14.0903406630216
00:00:06.10;6010;100;49A2;1.19;13.91;-0.46;93;6.01;13.960809432121048
00:00:06.110;6110;100;49A2;1.21;13.78;-0.60;93;6.11;13.833022084851885
00:00:06.210;6210;100;49A2;1.20;13.65;-0.66;95;6.21;13.702645729931136
00:00:06.310;6310;100;49A2;1.18;13.50;-0.71;95;6.31;13.551472244741529
00:00:06.410;6410;100;49A2;1.17;13.37;-0.80;94;6.41;13.421095335329378
00:00:06.510;6510;100;49A2;1.12;13.24;-0.93;93;6.51;13.287287157279323
00:00:06.610;6610;100;49A2;1.07;13.11;-1.03;93;6.61;13.153592665123853
00:00:06.710;6710;100;49A2;1.07;12.97;-0.85;95;6.71;13.014061625795385
00:00:06.810;6810;100;49A2;1.06;12.85;-0.83;95;6.81;12.893645721827477
00:00:06.910;6910;100;49A2;1.04;12.72;-0.67;95;6.91;12.762444906835055
00:00:07.10;7010;100;49A2;1.06;12.60;-0.74;94;7.01;12.64450868954583
00:00:07.110;7110;100;49A2;1.08;12.49;-0.64;96;7.11;12.536606398862494
00:00:07.220;7220;110;49A2;1.10;12.37;-0.76;94;7.22;12.418812342571249
00:00:07.320;7320;100;49A2;1.11;12.26;-0.83;94;7.32;12.310146221714835
00:00:07.420;7420;100;49A2;1.08;12.12;-0.92;94;7.42;12.168023668616033
00:00:07.520;7520;100;49A2;1.03;11.99;-0.92;94;7.52;12.034159713083419
00:00:07.620;7620;100;49A2;1.01;11.88;-0.98;94;7.62;11.922856201430932
00:00:07.720;7720;100;49A2;1.02;11.76;-0.90;98;7.72;11.804151811968532
00:00:07.820;7820;100;49A2;1.04;11.62;-1.03;93;7.82;11.666447616991215
00:00:07.920;7920;100;49A2;1.06;11.49;-1.07;95;7.92;11.538791097857697
00:00:08.20;8020;100;49A2;1.25;11.40;-0.50;96;8.02;11.468325945838826
00:00:08.120;8120;100;49A2;1.22;11.28;-0.62;96;8.12;11.345783357706068
00:00:08.220;8220;100;49A2;1.16;11.14;-0.72;95;8.22;11.200232140451376
00:00:08.320;8320;100;49A2;1.09;11.02;-0.76;95;8.32;11.073775327321753
00:00:08.420;8420;100;49A2;1.02;10.90;-0.72;96;8.42;10.947620746079945
00:00:08.520;8520;100;49A2;0.99;10.79;-0.60;97;8.52;10.835321868777132
00:00:08.620;8620;100;49A2;0.92;10.66;-0.66;95;8.62;10.699626161693688
00:00:08.720;8720;100;49A2;0.88;10.56;-0.71;95;8.72;10.596603229337221
00:00:08.820;8820;100;49A2;0.85;10.45;-0.82;94;8.82;10.484512387326365
00:00:08.920;8920;100;49A2;0.82;10.35;-0.90;94;8.92;10.38243227765055
00:00:09.20;9020;100;49A2;0.80;10.24;-0.93;95;9.02;10.271202461250581
00:00:09.120;9120;100;49A2;0.98;10.17;-0.39;96;9.12;10.217108201443303
00:00:09.220;9220;100;49A2;0.92;10.04;-0.47;95;9.22;10.082063280896424
00:00:09.320;9320;100;49A2;0.88;9.90;-0.68;93;9.32;9.939034158307335
00:00:09.420;9420;100;49A2;1.08;9.83;-0.74;98;9.42;9.88915062075606
00:00:09.520;9520;100;49A2;1.04;9.71;-0.30;95;9.52;9.765536339597535
00:00:09.620;9620;100;49A2;1.27;9.63;0.12;96;9.62;9.713382521037664
00:00:09.720;9720;100;49A2;1.20;9.50;-0.26;93;9.72;9.575489543621256
00:00:09.820;9820;100;49A2;1.27;9.40;0.07;96;9.82;9.485404577560201
00:00:09.920;9920;100;49A2;1.07;9.27;-0.27;93;9.92;9.331548638891617
00:00:10.20;10020;100;49A2;1.22;9.21;0.12;96;10.02;9.290452088031024
00:00:10.120;10120;100;49A2;1.28;9.12;0.43;95;10.12;9.209386515941222
00:00:10.220;10220;100;49A2;1.06;8.97;-0.03;92;10.22;9.032413852343128
00:00:10.320;10320;100;49A2;1.12;8.88;0.28;95;10.32;8.950351948387283
00:00:10.420;10420;100;49A2;1.18;8.76;0.55;94;10.42;8.83911760301898
00:00:10.520;10520;100;49A2;1.12;8.62;0.22;94;10.52;8.692456499747353
00:00:10.620;10620;100;49A2;1.17;8.51;0.50;94;10.62;8.590052386336184
00:00:10.720;10720;100;49A2;1.32;8.40;0.46;99;10.72;8.5030817942673
00:00:10.820;10820;100;49A2;1.37;8.29;0.45;98;10.82;8.40244012177415
00:00:10.920;10920;100;49A2;1.18;8.13;0.04;95;10.92;8.215187155506563
00:00:11.20;11020;100;49A2;1.22;8.03;0.11;97;11.02;8.122148730477667
00:00:11.120;11120;100;49A2;1.25;7.91;0.36;94;11.12;8.008158340092933
00:00:11.220;11220;100;49A2;1.27;7.79;0.48;95;11.22;7.892844861011776
00:00:11.320;11320;100;49A2;1.27;7.66;0.14;95;11.32;7.764566955085132
00:00:11.420;11420;100;49A2;1.32;7.55;0.22;97;11.42;7.664522163840353
00:00:11.520;11520;100;49A2;1.31;7.45;0.34;95;11.52;7.564297720211705
00:00:11.620;11620;100;49A2;1.43;7.31;0.00;96;11.62;7.4485569072136375
00:00:11.720;11720;100;49A2;1.44;7.23;0.19;95;11.72;7.372007867602965
00:00:11.820;11820;100;49A2;1.43;7.14;0.38;94;11.82;7.2817923617746745
00:00:11.920;11920;100;49A2;1.47;6.99;-0.03;93;11.92;7.14289857130843
00:00:12.20;12020;100;49A2;1.48;6.86;-0.33;93;12.02;7.0178344238090995
00:00:12.120;12120;100;49A2;1.47;6.75;0.05;93;12.12;6.90821250396946
00:00:12.230;12230;110;49A2;1.44;6.63;0.36;95;12.23;6.7845781003685115
00:00:12.330;12330;100;49A2;1.40;6.52;0.48;98;12.33;6.66861304920296
00:00:12.430;12430;100;49A2;1.35;6.46;0.45;95;12.43;6.599553015167012
00:00:12.530;12530;100;49A2;1.32;6.37;0.46;95;12.53;6.505328585090841
00:00:12.630;12630;100;49A2;1.33;6.24;0.50;98;12.63;6.380164574679873
00:00:12.730;12730;100;49A2;1.31;6.13;0.50;94;12.73;6.268412877276034
00:00:12.830;12830;100;49A2;1.32;6.03;0.52;93;12.83;6.172787052863561
00:00:12.930;12930;100;49A2;1.32;5.92;0.57;93;12.93;6.065377152329441
00:00:13.30;13030;100;49A2;1.33;5.81;0.63;92;13.03;5.96028522807424
00:00:13.130;13130;100;49A2;1.33;5.70;0.65;93;13.13;5.853110284284758
00:00:13.230;13230;100;49A2;1.33;5.60;0.54;94;13.23;5.75577101698808
00:00:13.330;13330;100;49A2;1.35;5.49;0.57;92;13.33;5.653547558834188
00:00:13.430;13430;100;49A2;1.34;5.37;0.59;93;13.43;5.5346634947393145
00:00:13.530;13530;100;49A2;1.31;5.24;0.71;90;13.53;5.401268369559135
00:00:13.630;13630;100;49A2;1.32;5.12;0.79;90;13.63;5.287419030112896
00:00:13.730;13730;100;49A2;1.31;5.01;0.70;93;13.73;5.178436057343954
00:00:13.830;13830;100;49A2;1.28;4.90;0.67;93;13.83;5.064424942676118
00:00:13.930;13930;100;49A2;1.27;4.79;0.59;93;13.93;4.955501992734944
00:00:14.30;14030;100;49A2;1.28;4.64;0.57;91;14.03;4.813314866077223
00:00:14.130;14130;100;49A2;1.30;4.51;0.65;88;14.13;4.693623333843481
00:00:14.230;14230;100;49A2;1.35;4.41;0.68;88;14.23;4.612006071114824
00:00:14.330;14330;100;49A2;1.36;4.31;0.74;88;14.33;4.51948005859081
00:00:14.430;14430;100;49A2;1.36;4.20;0.83;86;14.43;4.4147027079974475
00:00:14.530;14530;100;49A2;1.35;4.10;0.88;86;14.53;4.316537964619331
00:00:14.630;14630;100;49A2;1.34;4.00;0.87;87;14.63;4.218483139707921
00:00:14.730;14730;100;49A2;1.32;3.89;0.88;87;14.73;4.107858322775994
00:00:14.830;14830;100;49A2;1.31;3.77;0.90;85;14.83;3.9911151323909464
00:00:14.930;14930;100;49A2;1.30;3.69;0.75;90;14.93;3.9123011131557854
00:00:15.30;15030;100;49A2;1.30;3.60;0.80;85;15.03;3.8275318418009276
00:00:15.130;15130;100;49A2;1.31;3.53;0.73;87;15.13;3.7652357163928
00:00:15.230;15230;100;49A2;1.30;3.43;0.69;88;15.23;3.6680921471522496
00:00:15.330;15330;100;49A2;1.28;3.33;0.60;89;15.33;3.567534162415267
00:00:15.430;15430;100;49A2;1.27;3.24;0.61;86;15.43;3.480014367786432
00:00:15.530;15530;100;49A2;1.30;3.14;0.55;85;15.53;3.398470244095128
00:00:15.630;15630;100;49A2;1.29;3.01;0.62;82;15.63;3.2747824355214803
00:00:15.730;15730;100;49A2;1.29;2.87;0.57;93;15.73;3.1465854509293085
00:00:15.830;15830;100;49A2;1.27;2.74;0.55;92;15.83;3.020016556246009
00:00:15.930;15930;100;49A2;1.30;2.65;0.50;81;15.93;2.9516944286290885
00:00:16.30;16030;100;49A2;1.31;2.54;0.53;78;16.03;2.857918823199847
00:00:16.130;16130;100;49A2;1.33;2.45;0.59;74;16.13;2.787723085243583
00:00:16.230;16230;100;49A2;1.34;2.34;0.53;77;16.23;2.6965162710430657
00:00:16.330;16330;100;49A2;1.36;2.24;0.46;75;16.33;2.6205342966654723
00:00:16.430;16430;100;49A2;1.31;2.09;0.56;70;16.43;2.4666171166194397
00:00:16.530;16530;100;49A2;1.35;2.02;0.67;63;16.53;2.4295884425144934
00:00:16.630;16630;100;49A2;1.40;1.90;0.68;60;16.63;2.360084744241189
00:00:16.730;16730;100;49A2;1.44;1.81;0.62;62;16.73;2.3129418496797536
00:00:16.830;16830;100;49A2;1.45;1.71;0.64;57;16.83;2.242008028531566
00:00:16.930;16930;100;49A2;1.46;1.63;0.59;60;16.93;2.188264152244879
00:00:17.40;17040;110;49A2;nan;nan;nan;0;17.04;nan
00:00:17.140;17140;100;49A2;nan;nan;nan;0;17.14;nan
00:00:17.340;17340;200;49A2;nan;nan;nan;0;17.34;nan
